              precision    recall  f1-score   support

           A       0.93      0.95      0.94        55
           B       0.85      0.88      0.86        68
           C       0.89      0.90      0.90        71
           D       0.83      0.81      0.82        73
           E       0.91      0.90      0.90        68
           F       0.97      0.93      0.95        71
           G       0.99      1.00      0.99        67
           H       0.93      0.93      0.93        67
           I       1.00      1.00      1.00        72
           J       1.00      1.00      1.00        75
           K       0.84      0.85      0.85        61
           L       0.96      0.96      0.96        71
           M       0.88      0.81      0.84        89
           N       0.83      0.88      0.85        88
           O       0.99      1.00      0.99        70
           P       0.91      0.94      0.93        80
           Q       0.97      0.93      0.95        69
           R       0.97      0.99      0.98        76
           S       0.92      0.88      0.90        69
           T       0.88      0.99      0.93        67
           U       1.00      0.99      0.99        75
           V       0.99      0.99      0.99        75
           W       0.94      0.97      0.95        64
           X       0.96      0.93      0.94        71
           Y       0.86      0.81      0.84        47
           Z       1.00      0.99      0.99        69

    accuracy                           0.93      1828
   macro avg       0.93      0.93      0.93      1828
weighted avg       0.93      0.93      0.93      1828
